121922
401432
402282
500742
130081
600771
602392
701592
701502
801932
802141
901071
901172
120091
300661
300662
302002
302001
400282
400281
402592
401261
401431
402591
402281
401262
402142
402141
500131
500132
501011
501012
502151
501802
502152
502961
600321
600322
600902
600611
600232
600872
600772
601712
601512
602772
602992
602771
700232
700611
701331
700902
700901
700711
701591
701931
701781
701932
701782
801461
801462
802341
802251
801931
802252
802601
900261
900842
900492
901132
901522
901231
902671
901232
110381
110611
110382
110612
111391
120092
